1 9.31323e-10 -3.27418e-11 0 -9.31323e-10 1 -4.65661e-10 7.45058e-09 1.09139e-11 -9.31323e-10 1 0
0.99914 0.00316445 -0.0413488 -0.210747 -0.00314262 0.999995 0.000592886 -0.147616 0.0413505 -0.000462433 0.999145 7.4899
0.998132 0.00729432 -0.0606564 -0.721128 -0.00763461 0.999956 -0.00538031 -0.30285 0.0606145 0.00583335 0.998144 16.0523
0.998231 0.00642274 -0.0591148 -1.34392 -0.00616383 0.999971 0.0045612 -0.466575 0.0591424 -0.00418876 0.998241 25.3199
0.998019 -0.0127525 -0.0616142 -1.91824 0.0126755 0.999918 -0.00164082 -0.620186 0.0616301 0.000856579 0.998099 35.0587
0.997681 -0.00357543 -0.0679717 -2.62545 0.00403853 0.99997 0.00667684 -0.755806 0.0679458 -0.00693586 0.997665 45.0077
0.997244 -0.0114504 -0.0733027 -3.34488 0.0118325 0.999919 0.00477994 -0.922243 0.0732419 -0.00563412 0.997298 54.7008
0.996563 0.000796199 -0.0828337 -4.1186 -0.000452081 0.999991 0.00417302 -1.06532 0.0828363 -0.00412123 0.996555 63.8758
0.995267 0.0110879 -0.0965503 -4.90463 -0.0113669 0.999933 -0.00234034 -1.20736 0.0965179 0.00342674 0.995325 71.7362
0.996665 0.00114291 -0.0815935 -5.49485 -0.00129064 0.999998 -0.00175775 -1.37875 0.0815913 0.00185719 0.996664 77.7992
0.986802 0.000987981 0.161928 -5.275 -0.00229774 0.999966 0.00790146 -1.48738 -0.161915 -0.00816925 0.986771 82.5301
0.728432 -0.00305165 0.685111 -3.16833 0.00250846 0.999995 0.00178714 -1.56471 -0.685114 0.00041676 0.728436 85.8775
0.302839 -0.0140993 0.952938 0.278572 0.0279611 0.999592 0.00590369 -1.62717 -0.952632 0.0248574 0.303109 87.3027
0.0974816 0.00521331 0.995224 4.47877 0.0278162 0.999581 -0.00796072 -1.71977 -0.994849 0.0284593 0.0972958 87.9037
0.0396185 0.00537494 0.9992 10.1743 0.0468353 0.998877 -0.00723022 -1.826 -0.998117 0.0470843 0.0393223 88.1799
0.0679691 -0.002596 0.997684 17.6501 0.0546041 0.998507 -0.00112187 -1.95681 -0.996192 0.0545539 0.0680094 88.5774
0.0706024 0.00783278 0.997474 25.7655 0.0301849 0.999494 -0.00998517 -2.18343 -0.997048 0.0308136 0.0703302 89.2352
-0.00600058 0.000110141 0.999982 33.7871 0.0203445 0.999793 1.19605e-05 -2.38742 -0.999775 0.0203442 -0.00600158 89.5625
-0.102483 0.000765431 0.994735 41.3166 0.0278533 0.99961 0.00210042 -2.56348 -0.994345 0.0279219 -0.102464 89.0718
-0.0691089 0.000853206 0.997609 47.7222 0.0339861 0.999421 0.00149961 -2.69508 -0.99703 0.0340084 -0.0690978 88.452
0.279567 -0.00609348 0.960107 52.8294 0.0163321 0.999865 0.00159017 -2.84513 -0.959987 0.015236 0.279629 89.172
0.809723 0.000409346 0.586813 56.3212 0.00979383 0.999851 -0.0142116 -2.99338 -0.586731 0.0172546 0.809598 92.2958
0.974373 0.0062905 0.224851 57.7026 -0.00777052 0.999954 0.00569791 -3.07785 -0.224805 -0.00729909 0.974377 96.9324
0.972443 0.0299977 0.231202 58.8593 -0.0290696 0.99955 -0.007421 -3.17141 -0.231321 0.000495567 0.972878 102.425
0.972472 0.0141989 0.232586 60.4826 -0.0148944 0.999888 0.00123451 -3.29808 -0.232542 -0.00466476 0.972575 109.009
0.977652 0.00936457 0.210021 62.1687 -0.00953031 0.999955 -0.000222917 -3.44555 -0.210013 -0.00178363 0.977697 116.729
0.974182 0.0227925 0.22461 63.966 -0.0219002 0.999739 -0.00646336 -3.63894 -0.224699 0.00137748 0.974427 125.026
0.974158 0.0128014 0.225505 65.8829 -0.0168004 0.999734 0.015823 -3.82381 -0.225242 -0.0192027 0.974114 133.336
0.978735 0.0325009 0.202538 67.5561 -0.0324426 0.999467 -0.00360871 -4.03042 -0.202547 -0.00303888 0.979268 141.361
0.9875 0.0256006 0.155527 68.9541 -0.026131 0.999658 0.0013664 -4.19319 -0.155439 -0.0054134 0.987831 149.28
0.996255 0.04024 0.0765262 69.7736 -0.0410818 0.999111 0.00945741 -4.3459 -0.0760776 -0.0125658 0.997023 157.417
0.998363 0.0437647 0.0368259 70.1304 -0.0440678 0.999001 0.00745898 -4.4499 -0.0364627 -0.00906961 0.999294 165.681
0.999477 0.00768445 -0.0314099 70.1183 -0.00754396 0.999961 0.00458875 -4.51208 0.031444 -0.0043494 0.999496 173.95
0.998097 0.0278657 -0.0550091 69.6138 -0.0269269 0.99948 0.0177352 -4.56982 0.0554747 -0.0162202 0.998328 182.433
0.997554 0.0223577 -0.0662269 69.0486 -0.0220815 0.999744 0.00489934 -4.6897 0.0663195 -0.00342497 0.997793 190.854
0.996846 0.0246908 -0.0754198 68.4193 -0.0234706 0.99958 0.0170226 -4.78208 0.0758084 -0.0151987 0.997007 198.929
0.998928 0.029304 -0.035851 67.9907 -0.0291742 0.999566 0.00413883 -4.89631 0.0359567 -0.00308847 0.999349 205.722
0.999713 0.0226621 0.0077345 67.9901 -0.0227502 0.999675 0.0114951 -5.01824 -0.00747148 -0.0116677 0.999904 212.153
0.999481 0.0265676 -0.0181955 67.9203 -0.0260634 0.999285 0.0274074 -5.10304 0.0189106 -0.0269189 0.999459 218.815
0.999414 -0.0139817 -0.0312492 67.7889 0.0144358 0.999793 0.0143512 -5.11369 0.031042 -0.0147939 0.999409 225.758
0.999093 -0.0229077 -0.0359116 67.573 0.0235866 0.999549 0.0185958 -5.19377 0.0354694 -0.0194259 0.999182 232.487
0.983928 -0.0402276 -0.173975 67.067 0.0436606 0.998919 0.0159496 -5.22753 0.173145 -0.0232891 0.984621 237.894
0.796408 0.0270355 -0.604155 64.8773 -0.0292942 0.999552 0.00611311 -5.30285 0.60405 0.0128297 0.796843 241.847
0.340412 0.0561659 -0.938598 61.291 -0.0202285 0.998421 0.0524092 -5.17945 0.940059 0.00114569 0.34101 243.828
-0.0257922 0.0449519 -0.998656 56.4407 -0.0177051 0.998811 0.0454162 -4.9843 0.999511 0.0188527 -0.0249657 244.031
-0.0614408 0.036984 -0.997425 50.1782 -0.0194606 0.999079 0.038244 -4.78832 0.997921 0.0217603 -0.0606645 243.588
-0.0473305 0.0486296 -0.997695 41.95 -0.00654394 0.998778 0.0489929 -4.55527 0.998858 0.00884771 -0.0469544 243.125
-0.0676647 0.0526392 -0.996319 33.1588 0.003244 0.998614 0.0525401 -4.29374 0.997703 0.000323056 -0.0677417 242.603
-0.0661204 0.0442376 -0.996831 24.599 -0.00672554 0.998974 0.0447788 -4.07296 0.997789 0.00966501 -0.065755 241.93
-0.0628816 0.049021 -0.996816 16.3651 0.00458799 0.998797 0.0488289 -3.86467 0.998011 -0.00150295 -0.0630308 241.442
-0.10116 0.0466146 -0.993778 8.48095 -0.0221712 0.998548 0.0490952 -3.65666 0.994623 0.0269997 -0.0999795 240.657
-0.0889673 0.0463863 -0.994954 1.57678 -0.0420941 0.997848 0.0502851 -3.4749 0.995145 0.0463554 -0.0868232 239.905
-0.0505542 0.0497897 -0.99748 -3.7598 -0.0370396 0.997976 0.0516917 -3.34217 0.998034 0.0395594 -0.0486077 239.537
0.00319014 0.0506783 -0.99871 -7.39845 -0.0306075 0.998252 0.0505572 -3.25612 0.999526 0.0304068 0.0047357 239.488
0.0235742 0.0358482 -0.999079 -8.75354 -0.0250223 0.999065 0.0352573 -3.2399 0.999409 0.0241681 0.0244492 239.534
0.0241084 0.031459 -0.999214 -8.82572 -0.025088 0.999209 0.0308535 -3.24768 0.999394 0.0243244 0.0248786 239.535
0.0258947 0.0233847 -0.999391 -9.03203 -0.0239943 0.999453 0.0227645 -3.24307 0.999377 0.0233903 0.0264417 239.551
0.117741 0.0194846 -0.992853 -10.6435 -0.025108 0.999546 0.0166384 -3.23282 0.992727 0.0229696 0.118177 239.729
0.466379 0.0383401 -0.883754 -13.3586 -0.0218686 0.999255 0.0318103 -3.21399 0.884315 0.00449079 0.46687 240.878
0.889379 0.0171042 -0.45685 -15.6468 -0.0114023 0.999819 0.0152352 -3.18936 0.457028 -0.00834069 0.889413 244.08
0.996478 -7.93664e-05 -0.0838512 -16.5682 0.000822508 0.999961 0.00882811 -3.20502 0.0838472 -0.00886599 0.996439 249.533
0.999336 -0.00651331 -0.0358508 -16.8836 0.00698258 0.999891 0.0129799 -3.22769 0.0357623 -0.0132216 0.999273 256.664
0.999047 -0.0111921 -0.0421959 -17.2658 0.0116854 0.999866 0.0114619 -3.26287 0.0420619 -0.011944 0.999044 265.262
0.998868 -0.0112427 -0.0462154 -17.7345 0.011637 0.999898 0.00827041 -3.31679 0.0461177 -0.00879886 0.998897 275.039
0.998016 -0.0155516 -0.0610084 -18.327 0.0159692 0.999852 0.00636369 -3.41539 0.0609004 -0.00732532 0.998117 285.531
0.997857 -0.00917984 -0.0647933 -19.0586 0.0098224 0.999906 0.00960561 -3.51773 0.0646989 -0.0102214 0.997853 295.946
0.998045 0.0150923 -0.060652 -19.7797 -0.014687 0.999867 0.00712335 -3.58436 0.0607514 -0.00621863 0.998134 306.141
0.998261 0.0151671 -0.0569607 -20.4619 -0.0144076 0.999802 0.0137221 -3.64496 0.0571575 -0.0128775 0.998282 316.514
0.998408 0.00854567 -0.0557544 -21.1029 -0.00753433 0.999804 0.0183241 -3.70117 0.0559001 -0.0178749 0.998276 327.203
0.998166 -0.0147654 -0.0587044 -21.7045 0.0157234 0.99975 0.0158895 -3.73281 0.0584551 -0.0167834 0.998149 337.72
0.997346 -0.022634 -0.0692034 -22.3531 0.0241646 0.99948 0.0213611 -3.76034 0.0686839 -0.0229766 0.997374 347.529
0.99789 -0.0254768 -0.0597284 -22.9554 0.0269606 0.999344 0.0241693 -3.79463 0.0590735 -0.0257286 0.997922 356.097
0.998362 -0.0243098 -0.0518026 -23.3043 0.0256253 0.999362 0.0248821 -3.82801 0.0511647 -0.0261688 0.998347 362.519
0.974278 -0.0125301 -0.225 -23.9928 0.017377 0.999657 0.0195741 -3.86562 0.224678 -0.0229804 0.974162 367.082
0.745212 0.0276384 -0.666255 -26.3216 0.0063246 0.998803 0.0485076 -3.81567 0.666798 -0.0403623 0.744145 370.587
0.178346 0.0169225 -0.983822 -30.8051 0.0610328 0.997737 0.0282258 -3.69067 0.982073 -0.0650794 0.17691 372.464
-0.110005 0.027235 -0.993558 -36.754 0.0102827 0.999602 0.0262622 -3.53886 0.993878 -0.00732754 -0.110241 371.932
-0.0864023 0.0317078 -0.995756 -43.8281 -0.0017279 0.999487 0.0319765 -3.41976 0.996259 0.00448341 -0.0863031 371.192
-0.0560904 0.0496707 -0.99719 -52.3562 -0.000688 0.99876 0.0497876 -3.19624 0.998425 0.00347867 -0.0559867 370.607
-0.0588398 0.0470512 -0.997158 -61.522 -0.00652915 0.998849 0.0475163 -2.95443 0.998246 0.00930645 -0.0584649 370.075
-0.0855165 0.0423588 -0.995436 -70.5686 -0.0149154 0.99893 0.0437888 -2.71335 0.996225 0.018592 -0.0847932 369.351
-0.0588699 0.0482834 -0.997097 -79.4183 -0.023157 0.998495 0.0497183 -2.48022 0.997997 0.0260167 -0.0576632 368.61
-0.00986996 0.0508233 -0.998659 -88.1635 -0.020693 0.998483 0.0510189 -2.25192 0.999737 0.0211688 -0.0088033 368.308
-0.0115557 0.0485824 -0.998752 -95.7504 0.0045078 0.998811 0.0485331 -2.08526 0.999923 -0.00394134 -0.011761 368.27
-0.0789142 0.0376229 -0.996171 -101.689 0.00698882 0.999284 0.0371868 -1.95672 0.996857 -0.00402749 -0.0791207 367.942
-0.123023 0.0248755 -0.992092 -107.659 -0.00542332 0.999654 0.0257376 -1.87424 0.992389 0.00854676 -0.122846 367.216
-0.106946 0.0316743 -0.99376 -114.613 -0.0256558 0.999072 0.0346046 -1.67185 0.993934 0.0291965 -0.106034 366.325
-0.0611094 0.0370665 -0.997443 -123.054 -0.0396586 0.998431 0.039533 -1.37292 0.997343 0.041973 -0.0595436 365.565
-0.012415 0.0383489 -0.999187 -132.694 -0.0157426 0.999133 0.0385424 -1.18959 0.999799 0.0162083 -0.0118006 365.316
-0.0432091 0.0443243 -0.998083 -142.613 -0.00193536 0.99901 0.0444493 -0.980185 0.999064 0.00385226 -0.0430805 365.033
-0.0609256 0.0428943 -0.99722 -152.331 -0.00738045 0.99903 0.043423 -0.764853 0.998115 0.0100055 -0.0605499 364.456
-0.0777385 0.0504415 -0.995697 -161.718 -0.00977424 0.998633 0.0513534 -0.489968 0.996926 0.0137243 -0.0771392 363.691
-0.0652665 0.0542525 -0.996392 -170.664 -0.00673571 0.998474 0.054807 -0.219764 0.997845 0.0102885 -0.0648015 363.049
-0.0727596 0.0495697 -0.996117 -178.153 0.00811446 0.998761 0.0491086 0.00224748 0.997316 -0.00450983 -0.0730717 362.508
-0.178762 0.0482205 -0.98271 -183.912 0.00912423 0.998837 0.0473521 0.143448 0.98385 -0.000501738 -0.178994 361.78
-0.620105 0.0524662 -0.782763 -188.391 0.0247075 0.998572 0.047358 0.272741 0.78413 0.0100268 -0.620516 359.419
-0.972576 0.0509606 -0.226934 -190.669 0.041104 0.998004 0.0479524 0.427615 0.228924 0.0373095 -0.972729 354.596
-0.99852 0.0393314 0.0375569 -190.753 0.0400237 0.999039 0.0178637 0.578991 -0.0368182 0.0193404 -0.999135 348.257
-0.994229 0.0243222 0.104482 -190.031 0.0269948 0.999342 0.0242419 0.623477 -0.103824 0.0269224 -0.994231 340.69
-0.994311 0.00795494 0.106223 -188.938 0.0102959 0.999716 0.0215076 0.682843 -0.106022 0.0224788 -0.99411 331.919
-0.996507 0.00203587 0.0834869 -188.016 0.00511004 0.999316 0.0366251 0.817537 -0.0833553 0.0369238 -0.995836 322.624
-0.99808 -0.00301043 0.0618728 -187.265 -0.000894506 0.999415 0.0341973 0.962261 -0.0619395 0.0340763 -0.997498 313.257
-0.997919 -0.00766633 0.0640232 -186.612 -0.00564541 0.999482 0.0316868 1.12751 -0.064233 0.0312594 -0.997445 303.784
-0.998981 -0.00230151 0.0450695 -186.058 -0.000743732 0.999403 0.0345502 1.2289 -0.0451221 0.0344814 -0.998386 294.476
-0.997573 0.000794094 0.0696192 -185.458 0.00337845 0.999309 0.0370114 1.33854 -0.0695417 0.0371568 -0.996887 285.175
-0.998093 0.00943908 0.0609978 -184.765 0.0114566 0.999396 0.0328112 1.4637 -0.0606513 0.0334475 -0.997599 275.624
-0.997647 0.0120498 0.0674872 -184.115 0.0148659 0.999033 0.041382 1.66167 -0.0669232 0.0422879 -0.996862 265.776
-0.996152 0.0153077 0.0862958 -183.289 0.016344 0.999802 0.0113153 1.78287 -0.0861055 0.0126822 -0.996205 255.922
-0.996742 0.0257937 0.076427 -182.417 0.0278715 0.999267 0.0262452 1.88522 -0.075694 0.0282898 -0.99673 245.914
-0.997259 0.0337911 0.0658195 -181.718 0.03637 0.998601 0.0383849 1.97224 -0.0644304 0.0406736 -0.997093 236.393
-0.999029 0.0182464 0.0401147 -181.168 0.0196338 0.999213 0.034468 2.03287 -0.0394542 0.0352221 -0.998601 228.004
-0.998911 0.0338742 0.0320772 -180.962 0.0349291 0.998848 0.0329188 2.09305 -0.0309251 0.0340034 -0.998943 221.357
-0.96921 0.036542 0.24351 -180.272 0.0433919 0.998797 0.0228238 2.10797 -0.242383 0.0326874 -0.96963 216.696
-0.728965 0.0119368 0.684447 -177.719 0.0320466 0.999347 0.0167023 2.09468 -0.683801 0.0341096 -0.728871 213.064
-0.242026 0.00933634 0.970225 -172.65 0.0144652 0.999877 -0.00601329 2.03103 -0.970162 0.0125791 -0.242131 210.833
-0.00427368 0.00359943 0.999985 -165.781 0.000380618 0.999994 -0.00359784 1.88325 -0.999991 0.000365234 -0.00427502 210.55
0.0235059 0.0125773 0.999645 -157.973 0.0175365 0.999762 -0.0129911 1.662 -0.99957 0.0178357 0.0232797 210.697
0.0458018 0.00601473 0.998933 -149.232 0.0287522 0.99956 -0.00733682 1.43051 -0.998537 0.0290575 0.0456086 211.014
0.094133 0.00194418 0.995558 -140.244 0.0179328 0.999833 -0.00364813 1.21922 -0.995398 0.0181966 0.0940824 211.768
0.0880822 0.0130461 0.996028 -131.517 -0.0148391 0.99982 -0.0117835 0.994286 -0.996003 -0.0137423 0.08826 212.725
0.0446567 0.0125608 0.998924 -124.035 -0.0167751 0.999789 -0.0118218 0.739081 -0.998862 -0.0162291 0.044858 213.292
-0.000675788 0.0040358 0.999992 -117.919 -0.00568872 0.999976 -0.00403958 0.501871 -0.999984 -0.0056914 -0.000652811 213.392
0.114529 0.00831395 0.993385 -112.094 0.0215495 0.999709 -0.0108513 0.369687 -0.993186 0.0226498 0.114316 213.657
0.502644 0.00142356 0.864492 -106.934 0.00659781 0.999963 -0.00548282 0.20428 -0.864468 0.00845966 0.502617 215.626
0.871757 -0.00543533 0.489908 -103.59 0.0155356 0.999742 -0.0165527 0.0186589 -0.489692 0.022041 0.871617 219.67
0.976642 0.0463815 0.209808 -102.32 -0.0464879 0.998909 -0.00442745 -0.118004 -0.209785 -0.0054295 0.977733 224.719
0.934553 0.0327785 0.354312 -101.057 -0.0377358 0.999263 0.00708921 -0.235847 -0.353818 -0.0199955 0.9351 229.406
0.610586 0.00319795 0.791944 -98.422 0.00355868 0.999971 -0.00678172 -0.369002 -0.791942 0.00695909 0.610557 232.221
0.21319 0.0012111 0.97701 -94.7112 0.0142613 0.999889 -0.00435137 -0.473265 -0.976907 0.0148611 0.213149 233.369
0.0869307 0.013888 0.996118 -89.6073 0.0231379 0.999605 -0.0159558 -0.619001 -0.995946 0.0244351 0.086575 233.912
0.0675124 0.0175349 0.997564 -82.8763 0.0164822 0.99969 -0.0186877 -0.801844 -0.997582 0.0177038 0.0672024 234.455
0.046747 0.0192721 0.998721 -74.8582 0.0218714 0.999554 -0.0203119 -1.04933 -0.998667 0.0227929 0.0463046 234.917
0.0578475 0.0154368 0.998206 -66.1875 0.0345731 0.99925 -0.0174565 -1.36041 -0.997727 0.0355209 0.0572704 235.341
0.0757647 0.0237074 0.996844 -57.5551 0.0257709 0.999337 -0.0257254 -1.67646 -0.996793 0.0276387 0.0751035 235.946
0.080092 0.0107165 0.99673 -49.2372 0.0354199 0.99928 -0.0135901 -1.98936 -0.996158 0.0363925 0.0796548 236.612
0.0921754 0.00971464 0.995695 -41.3978 0.0299901 0.999472 -0.0125278 -2.27518 -0.995291 0.0310157 0.0918354 237.325
0.088285 0.00930132 0.996052 -34.5398 0.0163879 0.999808 -0.0107889 -2.52738 -0.995961 0.0172757 0.0881155 238.006
0.0430047 0.00941638 0.999031 -28.9238 0.0089017 0.999912 -0.00980788 -2.74268 -0.999035 0.00931486 0.0429171 238.412
-0.0603014 0.00630459 0.99816 -25.0275 0.0256849 0.999659 -0.00476237 -2.8626 -0.99785 0.0253505 -0.0604427 238.311
-0.189512 0.0089913 0.981837 -22.9088 0.0363163 0.999338 -0.00214189 -2.91258 -0.981207 0.0352508 -0.189713 237.936
-0.361825 0.0248234 0.931916 -21.2572 0.0345529 0.999316 -0.0132032 -2.93572 -0.931605 0.0274232 -0.362435 237.296
-0.724435 0.0260837 0.68885 -18.7735 0.0291627 0.999549 -0.00717921 -2.97935 -0.688726 0.0148879 -0.724869 235.173
-0.976344 0.0418475 0.212135 -17.0448 0.0447667 0.998957 0.00897484 -3.00575 -0.211538 0.0182591 -0.977199 230.547
-0.998079 0.0516324 0.0342578 -16.5286 0.052505 0.998306 0.0250812 -2.93959 -0.0329047 0.0268318 -0.999098 223.543
-0.997538 0.0618919 0.0329903 -16.2755 0.0625756 0.997838 0.0201105 -2.80534 -0.0316743 0.0221253 -0.999253 214.635
-0.996085 0.0611174 0.0638712 -15.703 0.0626484 0.997788 0.0222475 -2.73124 -0.0623702 0.0261618 -0.99771 204.166
-0.995399 0.0602604 0.0744899 -14.8376 0.0621791 0.997783 0.023712 -2.67105 -0.0728959 0.0282346 -0.99694 192.852
-0.996559 0.0556153 0.0614644 -13.9986 0.0577423 0.997773 0.0333881 -2.55747 -0.0594707 0.0368223 -0.997551 181.046
-0.997139 0.0579748 0.0485 -13.3018 0.0594641 0.997784 0.0298494 -2.41111 -0.046662 0.032648 -0.998377 168.583
-0.99666 0.0639308 0.0508089 -12.6544 0.0653081 0.997528 0.0259238 -2.30132 -0.0490259 0.0291554 -0.998372 155.655
-0.996391 0.0616322 0.0583631 -11.913 0.0633501 0.997597 0.0280543 -2.19626 -0.0564938 0.0316503 -0.997901 142.604
-0.996015 0.0607159 0.065337 -11.093 0.0632047 0.997325 0.0367234 -2.04514 -0.0629325 0.0407067 -0.997187 129.812
-0.995998 0.0624131 0.0639779 -10.2218 0.0646413 0.997351 0.0333686 -1.87919 -0.0617257 0.0373707 -0.997393 117.683
-0.9968 0.0605754 0.0521609 -9.56166 0.0623818 0.997482 0.0337281 -1.81125 -0.0499865 0.036874 -0.998069 107.277
-0.994615 0.0763444 0.0700845 -9.14654 0.079449 0.995927 0.0426308 -1.71128 -0.0665444 0.0479694 -0.99663 99.091
-0.916833 0.0541033 0.395588 -7.61982 0.0699763 0.997215 0.0257945 -1.66738 -0.39309 0.051331 -0.918066 93.302
-0.57102 0.00178458 0.820934 -3.91765 0.0364732 0.999065 0.023198 -1.64262 -0.820125 0.0431887 -0.570552 89.6064
-0.109213 -0.000297302 0.994018 1.07381 0.0227748 0.999737 0.0028013 -1.6679 -0.993757 0.0229446 -0.109178 88.4361
-0.00719717 0.00612093 0.999955 6.81751 0.0337492 0.999413 -0.0058747 -1.78867 -0.999404 0.0337054 -0.00739952 88.3439
0.0148208 0.00586716 0.999873 13.7793 0.0649516 0.997865 -0.00681813 -1.90771 -0.997778 0.0650444 0.0144081 88.3317
0.0980205 0.00838155 0.995149 22.222 0.035899 0.999284 -0.0119524 -2.09025 -0.994537 0.0368964 0.0976494 89.0025
0.00876455 0.00418214 0.999953 30.7929 0.0185903 0.999818 -0.00434452 -2.33247 -0.999789 0.0186275 0.00868521 89.551
-0.0580128 0.0128026 0.998234 39.2322 0.0310418 0.999457 -0.0110143 -2.53113 -0.997833 0.030348 -0.0583787 89.1843
-0.0715341 0.00479068 0.997427 48.1177 0.00815597 0.999958 -0.0042179 -2.72019 -0.997405 0.00783326 -0.0715702 88.7633
-0.258614 0.00464467 0.96597 56.8185 0.0216013 0.999766 0.00097601 -2.93309 -0.965739 0.0211186 -0.258654 87.2714
-0.330692 0.0109746 0.943675 65.1706 0.0339805 0.999422 0.000284914 -2.98704 -0.943127 0.0321608 -0.330874 84.5181
-0.416454 0.0173126 0.908992 73.8545 0.0373312 0.999301 -0.00192936 -3.05245 -0.90839 0.0331303 -0.416809 81.0868
-0.449712 0.00832529 0.893135 82.6677 0.0343058 0.99938 0.00795805 -3.18405 -0.892515 0.0342186 -0.449718 76.7844
-0.55335 -0.00524602 0.832932 91.0541 0.0127953 0.999809 0.0147975 -3.2658 -0.832851 0.0188458 -0.553177 72.0254
-0.634489 0.00492761 0.772917 98.349 0.0311673 0.999329 0.0192142 -3.30771 -0.772304 0.0362809 -0.634217 66.3979
-0.598354 0.00845612 0.801187 104.488 0.0413909 0.998935 0.0203689 -3.35068 -0.800162 0.0453496 -0.598067 61.6217
-0.629976 0.00989222 0.776552 109.785 0.0386417 0.99908 0.0186211 -3.37427 -0.775653 0.0417382 -0.629779 57.5194
-0.613018 -0.00307068 0.790063 115.379 0.0318482 0.999084 0.0285944 -3.34114 -0.789427 0.042691 -0.612358 53.0457
-0.579897 -0.0212984 0.814412 122.028 -0.0124841 0.999773 0.0172568 -3.27638 -0.814594 -0.000160088 -0.580031 48.3749
-0.59356 -0.0335999 0.804088 129.518 -0.0183748 0.999434 0.0281988 -3.24477 -0.80458 0.00196272 -0.593842 43.0156
-0.580918 -0.0264583 0.813532 137.318 -0.00850112 0.999614 0.0264398 -3.12765 -0.813918 0.00844341 -0.580919 37.3775
-0.588616 -0.0334373 0.807721 145.11 -0.0221859 0.999436 0.025206 -3.02915 -0.808108 -0.00308335 -0.589026 31.9207
-0.591005 -0.0377591 0.805784 152.508 -0.0223283 0.999287 0.0304499 -2.98412 -0.806359 4.29712e-06 -0.591427 26.5692
-0.621836 -0.0147977 0.783008 158.683 -0.00214812 0.99985 0.0171898 -3.00018 -0.783145 0.00900721 -0.621774 21.8805
-0.419315 0.0044114 0.90783 163.667 0.0467998 0.998764 0.0167629 -3.0329 -0.906634 0.0495153 -0.419003 18.6538
-0.0507307 -0.00885889 0.998673 169.36 0.0238745 0.999664 0.0100805 -3.11868 -0.998427 0.0243542 -0.0505021 17.7565
-0.0253496 -0.00676127 0.999656 175.872 -0.0114961 0.999913 0.00647149 -3.15747 -0.999613 -0.0113281 -0.0254251 17.7849
-0.0765066 -0.00193872 0.997067 183.002 -0.0107968 0.999941 0.00111585 -3.26807 -0.997011 -0.0106798 -0.076523 17.3855
-0.0671577 -0.011428 0.997677 190.623 -0.0174579 0.999795 0.0102771 -3.33827 -0.99759 -0.0167272 -0.0673435 16.9064
-0.0846662 0.0004598 0.996409 198.53 -0.02429 0.999702 -0.00252527 -3.43509 -0.996113 -0.0244166 -0.0846298 16.3822
-0.0778353 -0.00928118 0.996923 206.886 -0.0106995 0.999907 0.00847359 -3.53656 -0.996909 -0.0100071 -0.0779274 15.6877
-0.0733487 -0.00365011 0.9973 215.296 -0.0294637 0.999565 0.00149142 -3.65787 -0.996871 -0.0292747 -0.0734244 15.1458
-0.0722861 -0.0123719 0.997307 223.981 -0.0103467 0.999879 0.0116538 -3.73948 -0.99733 -0.0094764 -0.0724053 14.5363
-0.0840739 -0.010702 0.996402 232.919 -0.0125903 0.999874 0.00967697 -3.80898 -0.99638 -0.0117314 -0.084198 13.8992
-0.0824813 -0.00356738 0.996586 241.817 -0.0190885 0.999816 0.0019991 -3.89818 -0.99641 -0.0188585 -0.0825342 13.2047
-0.063685 -0.0134504 0.99788 250.375 -0.0158801 0.999796 0.0124628 -4.01755 -0.997844 -0.0150527 -0.0638856 12.6449
-0.0606586 -0.00708831 0.998134 258.086 -0.0118894 0.999909 0.00637837 -4.10372 -0.998088 -0.0114803 -0.0607374 12.2281
-0.151558 -0.0210404 0.988225 264.465 0.00695591 0.999726 0.0223521 -4.19486 -0.988424 0.0102616 -0.15137 11.5575
-0.228379 -0.0111065 0.973509 269.125 0.0394286 0.999009 0.0206471 -4.22469 -0.972774 0.0430994 -0.227714 10.5017
-0.0740188 -0.00483096 0.997245 272.004 0.0387978 0.999217 0.00772021 -4.25572 -0.996502 0.0392624 -0.0737735 10.1462
0.359131 -0.0124714 0.933204 274.5 0.0184721 0.99981 0.00625283 -4.28493 -0.933105 0.0149927 0.359293 10.9563
0.840528 0.00254731 0.541763 276.74 -0.000751337 0.999994 -0.00353619 -4.34991 -0.541768 0.00256522 0.840524 13.6798
0.976653 0.0317307 0.212468 278.07 -0.0306366 0.999495 -0.00844069 -4.41697 -0.212628 0.00173433 0.977132 18.6775
0.997742 0.0411469 0.0530831 278.698 -0.0408423 0.999142 -0.00681036 -4.55478 -0.0533178 0.00462694 0.998567 25.8179
0.997476 0.0355211 0.0614898 279.101 -0.0355365 0.999368 -0.000844142 -4.73013 -0.061481 -0.00134312 0.998107 34.6659
0.997019 0.0246851 0.0731017 279.744 -0.0236989 0.999617 -0.0143279 -4.96561 -0.0734273 0.0125527 0.997222 44.2953
0.996884 0.043764 0.0656272 280.332 -0.0441967 0.99901 0.00515694 -5.1357 -0.0653365 -0.00804138 0.997831 54.4209
0.994956 0.0546742 0.0841021 280.979 -0.0554949 0.998431 0.00745048 -5.33179 -0.0835628 -0.0120801 0.996429 64.5233
0.996488 0.051971 0.0656578 281.693 -0.0512642 0.998608 -0.0124047 -5.50897 -0.0662111 0.00899528 0.997765 74.6063
0.996375 0.0494079 0.0692495 282.27 -0.0489657 0.998768 -0.00806949 -5.74484 -0.0695629 0.00464938 0.997567 84.6931
0.995061 0.0392641 0.0911706 283.008 -0.0397923 0.9992 0.00398218 -5.98253 -0.0909413 -0.0075904 0.995827 94.7076
0.989583 0.0185044 0.142766 284.151 -0.0191241 0.999813 0.00296932 -6.20826 -0.142685 -0.00566867 0.989752 104.599
0.988634 0.00976086 0.150025 285.618 -0.010322 0.999942 0.00296231 -6.4191 -0.149987 -0.0044772 0.988678 114.192
0.990868 -0.0265822 0.132189 286.892 0.0257549 0.999637 0.00796451 -6.60323 -0.132353 -0.00448726 0.991193 123.351
0.981407 -0.0241487 0.190416 288.166 0.0234022 0.999707 0.00616844 -6.73703 -0.190509 -0.0015976 0.981684 131.41
0.967071 -0.0215936 0.25359 289.643 0.01908 0.999741 0.012368 -6.88553 -0.253792 -0.0071222 0.967233 137.543
0.995215 -0.0312675 0.0925767 290.632 0.0311785 0.999511 0.00240785 -6.97611 -0.0926067 0.000490079 0.995703 142.846
0.91138 -0.0133511 -0.41135 289.358 0.0164556 0.999857 0.00400665 -7.07207 0.411238 -0.0104206 0.911469 148.053
0.540326 0.0115088 -0.841377 285.042 0.000848086 0.999899 0.0142217 -7.06463 0.841455 -0.00839794 0.540262 152.105
0.437015 0.0379154 -0.898655 278.425 -0.0407847 0.998919 0.0223122 -7.00299 0.898529 0.0269006 0.438088 155.252
0.463451 0.0343406 -0.885457 270.827 -0.05041 0.998652 0.0123459 -6.9858 0.884687 0.0389142 0.464558 159.051
0.495451 0.0396946 -0.867729 262.413 -0.0496204 0.998617 0.0173501 -6.99078 0.867218 0.0344609 0.496735 163.545
0.570879 0.0245892 -0.820666 254.331 -0.0175619 0.999688 0.0177365 -7.03499 0.820847 0.00428708 0.571133 168.782
0.522139 0.00548063 -0.852843 246.174 0.00991301 0.999873 0.0124946 -7.00429 0.852803 -0.0149781 0.522018 174.182
0.459985 0.00302599 -0.887922 237.479 0.0440997 0.998682 0.0262492 -6.96828 0.886831 -0.0512313 0.459245 179.047
0.46124 -0.0029565 -0.88727 228.778 0.0237986 0.999676 0.00904044 -6.94783 0.886956 -0.0252856 0.461161 183.431
0.463033 0.0107816 -0.886276 220.489 0.0162737 0.999654 0.020663 -6.96305 0.886192 -0.0239906 0.462697 187.746
0.44546 0.0121102 -0.89522 213.048 0.0258847 0.999316 0.0263986 -6.96352 0.894928 -0.0349321 0.444842 191.54
0.438975 0.0152169 -0.898371 207.099 0.0129882 0.999645 0.0232787 -6.96697 0.898405 -0.021887 0.438621 194.405
0.49426 0.0284033 -0.86885 203.257 0.0122082 0.999141 0.0396074 -6.96 0.869228 -0.0301834 0.493489 196.447
0.577429 0.0106629 -0.816371 201.233 0.00670748 0.999819 0.0178033 -6.95131 0.816413 -0.0157559 0.577253 197.83
0.634584 -0.000502113 -0.772854 198.988 -0.00563096 0.99997 -0.0052732 -6.9655 0.772833 0.0076982 0.634562 199.624
0.577308 0.0255183 -0.816127 194.799 -0.00465622 0.999598 0.0279612 -6.96465 0.816513 -0.0123422 0.577195 202.761
0.485885 0.00332021 -0.874017 188.918 0.0351849 0.999108 0.0233555 -6.91495 0.873314 -0.0421003 0.485335 206.363
0.469523 0.000735119 -0.88292 181.909 0.031539 0.999348 0.017604 -6.83703 0.882357 -0.0361119 0.469193 210.111
0.473157 0.0117277 -0.8809 174.226 0.0263216 0.999277 0.0274418 -6.76413 0.880585 -0.036171 0.472506 214.192
0.467697 0.00345495 -0.883882 166.6 0.0396509 0.998904 0.0248854 -6.71126 0.882999 -0.0466856 0.467047 218.264
0.440089 0.0111286 -0.897886 159.974 0.035678 0.998917 0.029868 -6.71309 0.897245 -0.0451793 0.439215 221.657
0.222846 0.0173298 -0.9747 154.479 0.0237874 0.999448 0.0232083 -6.74407 0.974563 -0.0283574 0.222311 223.558
-0.0663769 0.0444164 -0.996806 148.697 -0.0108173 0.998918 0.0452309 -6.67683 0.997736 0.013785 -0.0658246 223.531
-0.0888087 0.0346491 -0.995446 141.754 0.00098806 0.999397 0.0346985 -6.45981 0.996048 0.00209797 -0.0887894 222.888
-0.0545822 0.0381827 -0.997779 133.187 0.018338 0.999138 0.0372316 -6.27408 0.998341 -0.0162651 -0.0552354 222.298
-0.0504167 0.0442717 -0.997747 123.284 0.0292973 0.998653 0.0428315 -6.10512 0.998299 -0.0270719 -0.0516458 221.804
-0.0702202 0.0327985 -0.996992 113.115 0.0293506 0.999094 0.0308005 -5.97762 0.9971 -0.0270995 -0.0711192 221.135
-0.0658486 0.0290407 -0.997407 103.286 0.0424054 0.998755 0.0262803 -5.85377 0.996928 -0.040565 -0.0669981 220.452
-0.0700686 0.0427434 -0.996626 93.8202 0.0611339 0.997388 0.038478 -5.72279 0.995667 -0.0582316 -0.0724986 219.879
-0.0881653 0.0468286 -0.995005 85.2793 0.0488211 0.997897 0.0426388 -5.54928 0.994909 -0.0448179 -0.0902661 219.159
0.0177249 0.0478849 -0.998696 78.5656 0.0442782 0.997835 0.0486295 -5.39895 0.998862 -0.0450824 0.0155663 218.823
0.39664 0.0382679 -0.917176 73.0105 -0.00994212 0.999251 0.0373928 -5.22413 0.917921 -0.0057128 0.396723 220.131
0.837648 0.0205307 -0.545824 69.0176 -0.0191442 0.999783 0.00822625 -5.1127 0.545875 0.00355868 0.837859 224.125
0.991787 -0.00674931 -0.127721 67.3498 0.0047209 0.999858 -0.0161776 -5.17852 0.127812 0.0154418 0.991678 230.338
0.998585 -0.0331723 -0.0415582 67.007 0.0334915 0.999415 0.00700783 -5.23878 0.0413014 -0.00838976 0.999112 237.819
0.995971 -0.0666046 -0.0600408 66.6574 0.067454 0.997647 0.0122306 -5.367 0.0590849 -0.0162313 0.998121 246.229
0.997759 -0.0324515 -0.0585118 65.9933 0.0334903 0.999297 0.0168607 -5.42601 0.0579235 -0.0187825 0.998144 255.56
0.997411 -0.0336505 -0.0635509 65.3799 0.0342006 0.999386 0.00758941 -5.46761 0.0632564 -0.00974324 0.99795 265.787
0.996867 -0.0379784 -0.0693826 64.6607 0.038624 0.999222 0.00798665 -5.53478 0.0690253 -0.0106415 0.997558 276.417
0.997504 -0.0216333 -0.0672088 63.8651 0.022567 0.999659 0.0131646 -5.62759 0.0669011 -0.0146485 0.997652 286.878
0.997524 -0.0172205 -0.0681879 63.1428 0.0183567 0.999702 0.016071 -5.69334 0.0678908 -0.0172829 0.997543 297.113
0.995075 -0.0241274 -0.0961407 62.2863 0.0251932 0.999634 0.00988744 -5.70779 0.0958669 -0.0122608 0.995319 307.179
0.990259 0.00752348 -0.139038 60.9994 -0.00533281 0.999856 0.0161218 -5.79985 0.139139 -0.0152233 0.990156 317.025
0.994197 0.0406697 -0.0995881 59.6566 -0.0388025 0.999034 0.0206161 -5.8165 0.10033 -0.0166322 0.994815 326.901
0.997412 0.0407797 -0.0592197 58.8632 -0.0402896 0.999143 0.00944671 -5.87831 0.0595542 -0.00703632 0.9982 336.927
0.998162 0.0274905 -0.0540016 58.2809 -0.026624 0.999506 0.0167011 -5.91692 0.054434 -0.0152327 0.998401 346.941
0.999156 0.0246395 -0.0328714 57.8122 -0.024092 0.999566 0.0169486 -5.96868 0.0332748 -0.0161424 0.999316 356.213
0.999958 0.00877454 0.00266971 57.736 -0.00880949 0.999872 0.0133712 -6.02468 -0.00255204 -0.0133942 0.999907 363.937
0.998084 -0.0077544 -0.0613909 57.593 0.00844676 0.999904 0.0110265 -6.09199 0.0612995 -0.011524 0.998053 370.561
0.988273 0.0312323 -0.149471 56.5261 -0.0301716 0.999501 0.00935897 -6.10704 0.149689 -0.00473944 0.988722 377.632
0.997845 0.033775 -0.0562632 55.6032 -0.0336853 0.999429 0.00254127 -6.1014 0.0563169 -0.000640552 0.998413 386.149
0.999653 0.00929944 -0.0246427 55.326 -0.00893578 0.99985 0.0148266 -6.14757 0.0247768 -0.0146013 0.999586 396.059
0.998432 0.00457039 -0.0557981 54.8375 -0.00324625 0.999712 0.0237984 -6.17609 0.0558908 -0.02358 0.998159 406.709
0.998092 0.00813894 -0.0612039 54.146 -0.00637006 0.999558 0.0290411 -6.17542 0.0614132 -0.0285958 0.997703 417.26
0.998418 0.00496578 -0.0560119 53.5276 -0.0039881 0.999838 0.0175531 -6.22158 0.05609 -0.017302 0.998276 427.366
0.993928 0.0131019 -0.109252 52.7615 -0.0102902 0.999602 0.0262598 -6.24864 0.109552 -0.0249761 0.993667 436.195
0.982889 0.0460701 -0.178346 51.569 -0.0412291 0.998676 0.0307576 -6.26497 0.179527 -0.0228782 0.983487 443.297
0.984875 0.0720106 0.157596 51.4058 -0.074849 0.997121 0.0121426 -6.28768 -0.156268 -0.0237548 0.987429 448.489
0.656408 0.00494641 0.75439 54.0317 -0.0110432 0.999934 0.0030525 -6.38288 -0.754326 -0.0103346 0.656419 451.834
0.141981 0.0111166 0.989807 58.1876 0.000734639 0.999936 -0.0113358 -6.46192 -0.989869 0.00233661 0.141964 453.005
0.0503465 0.00678766 0.998709 63.9262 0.0154944 0.999851 -0.00757652 -6.58348 -0.998612 0.0158558 0.0502338 453.268
0.0737496 0.00655681 0.997255 71.253 0.00884202 0.999935 -0.00722832 -6.75312 -0.997238 0.00935084 0.0736869 453.8
0.0710776 0.0132587 0.997383 79.9186 0.00115162 0.99991 -0.0133743 -6.95039 -0.99747 0.00209922 0.0710559 454.53
0.0635689 0.00604201 0.997959 89.4198 -0.00151997 0.999981 -0.00595744 -7.18113 -0.997976 -0.00113816 0.0635769 455.193
0.0609701 0.00118096 0.998139 99.1513 0.00168016 0.999998 -0.00128579 -7.41596 -0.998138 0.00175543 0.060968 455.867
0.0605806 0.0162786 0.998031 108.758 0.000754538 0.999866 -0.0163543 -7.68357 -0.998163 0.00174381 0.0605602 456.484
0.0697969 0.016689 0.997422 117.987 -0.00362226 0.999858 -0.0164763 -7.96011 -0.997555 -0.00246292 0.0698474 457.134
0.157719 0.000563745 0.987484 126.863 -0.00755374 0.999971 0.000635595 -8.16616 -0.987455 -0.00755944 0.157719 458.231
0.242298 0.00537571 0.970187 135.339 -0.00676113 0.99997 -0.00385219 -8.328 -0.970178 -0.00562619 0.242327 460.082
0.338101 -0.00906103 0.941066 143.421 0.014862 0.99988 0.00428778 -8.483 -0.940992 0.0125364 0.338196 462.667
0.407879 0.0047151 0.913024 151.059 0.0126891 0.999861 -0.0108322 -8.63609 -0.912948 0.0160037 0.407763 465.848
0.491838 0.0126989 0.870594 158.173 -0.000487528 0.999898 -0.0143096 -8.8637 -0.870686 0.00661356 0.491794 469.594
0.567638 -2.91206e-05 0.823279 164.506 -0.000803265 1 0.000589211 -9.03585 -0.823278 -0.000995771 0.567637 473.691
0.545962 0.00238769 0.837807 169.245 -0.015399 0.999856 0.00718534 -9.1756 -0.837668 -0.0168243 0.54592 477.045
0.345766 0.00392552 0.938313 172.82 -0.00364991 0.999989 -0.00283857 -9.25177 -0.938314 -0.00244328 0.345776 478.712
-0.0901194 0.0121788 0.995857 176.505 0.00517339 0.999918 -0.0117603 -9.33786 -0.995918 0.00409212 -0.0901749 478.859
-0.609287 -0.0115606 0.792866 180.665 -0.0145063 0.999889 0.00343158 -9.38564 -0.792817 -0.00941073 -0.609387 476.68
-0.774512 -0.00611562 0.63253 185.405 -0.00295179 0.999977 0.00605391 -9.3995 -0.632552 0.00282173 -0.774512 471.486
-0.790735 -0.00571836 0.612133 191.202 0.00155171 0.999934 0.0113455 -9.42008 -0.612157 0.00992115 -0.790674 464.227
-0.781274 0.00323379 0.62418 197.474 0.013019 0.999853 0.0111156 -9.51377 -0.624053 0.0168105 -0.781202 456.336
-0.77654 0.000175585 0.630068 203.914 0.00811219 0.99992 0.00971938 -9.61694 -0.630016 0.0126587 -0.776479 448.492
-0.776376 -0.00528607 0.630248 210.177 0.00876559 0.999778 0.0191834 -9.70609 -0.630209 0.020418 -0.776157 440.87
-0.765431 0.000577509 0.643518 216.662 0.00751018 0.99994 0.00803559 -9.74128 -0.643474 0.0109836 -0.765389 433.239
-0.766457 -0.00175276 0.642293 223.513 0.00926842 0.999862 0.0137887 -9.7973 -0.642228 0.0165215 -0.766335 425.151
-0.759702 -0.0082671 0.650219 230.27 -0.00059973 0.999928 0.0120127 -9.92076 -0.650271 0.00873611 -0.759652 417.369
-0.783004 -0.00783439 0.621967 236.076 0.00267289 0.999869 0.0159594 -10.0058 -0.622011 0.0141588 -0.782881 410.476
-0.944236 0.00153802 0.329266 239.327 0.00545932 0.999925 0.010985 -10.1051 -0.329224 0.01217 -0.944173 404.894
-0.929907 0.0239212 -0.367015 238.694 0.0147061 0.999503 0.0278846 -10.0988 0.3675 0.0205327 -0.929797 399.378
-0.632555 0.0368124 -0.773641 234.783 -0.00719558 0.998547 0.0533976 -9.94567 0.774482 0.0393437 -0.631371 395.05
-0.355307 0.0323869 -0.934189 228.56 -0.0119514 0.999161 0.0391849 -9.70026 0.934673 0.0250875 -0.354621 391.864
-0.174463 0.0425458 -0.983744 220.187 0.00493041 0.999091 0.0423352 -9.43566 0.984651 0.00253567 -0.174515 389.794
-0.116758 0.033166 -0.992607 210.037 0.0150954 0.999386 0.0316169 -9.23931 0.993046 -0.0112923 -0.117186 388.419
-0.0891351 0.0344899 -0.995422 199.038 -0.000592459 0.999398 0.0346807 -9.06875 0.996019 0.00368102 -0.0890611 387.246
-0.0663686 0.0404074 -0.996977 187.815 -0.0101539 0.999101 0.0411695 -8.868 0.997744 0.0128556 -0.0658986 386.321
-0.0552994 0.0456711 -0.997425 176.82 -0.00685288 0.998912 0.0461191 -8.61177 0.998446 0.00938559 -0.0549263 385.619
-0.0538249 0.0474068 -0.997425 166.22 -0.00617017 0.998838 0.047807 -8.33639 0.998531 0.00872748 -0.0534698 384.995
-0.0281868 0.0440997 -0.99863 156.272 -0.00246119 0.99902 0.0441864 -8.14105 0.9996 0.00370329 -0.0280507 384.551
-0.0483535 0.0470618 -0.997721 147.99 0.0195231 0.998743 0.0461639 -8.00072 0.99864 -0.0172465 -0.0492115 384.352
-0.345062 0.0600471 -0.936657 141.913 0.0419726 0.99794 0.0485133 -7.87615 0.937641 -0.0225739 -0.346871 383.179
-0.871536 0.0654597 -0.485943 138.68 0.049251 0.997724 0.0460686 -7.78814 0.487852 0.0162173 -0.872776 379.633
-0.996938 0.0281598 -0.0729516 137.896 0.025799 0.999119 0.0331034 -7.69368 0.0738195 0.0311199 -0.996786 374.356
-0.999346 0.0349377 0.00937603 137.866 0.0351098 0.999205 0.0188661 -7.60437 -0.00870944 0.019183 -0.999778 367.764
-0.997365 0.048327 0.0541146 138.195 0.04944 0.998588 0.0194193 -7.56138 -0.0530998 0.0220435 -0.998346 359.458
-0.997562 0.0313178 0.0623577 138.87 0.0327324 0.999227 0.0217941 -7.45937 -0.0616269 0.0237821 -0.997816 349.509
-0.99714 0.0283197 0.0700654 139.618 0.0298089 0.999349 0.0203011 -7.43397 -0.0694449 0.0223316 -0.997336 338.895
-0.997705 0.0246339 0.063069 140.358 0.0264758 0.999242 0.0285365 -7.39858 -0.0623182 0.0301408 -0.997601 328.274
-0.997037 0.0472869 0.0606665 141.031 0.04918 0.998336 0.0301008 -7.28324 -0.0591422 0.0329952 -0.997704 317.355
-0.99707 0.0467718 0.0605255 141.757 0.0485379 0.998428 0.0280453 -7.15514 -0.0591185 0.0309009 -0.997773 305.948
-0.996599 0.045341 0.0688172 142.543 0.0468401 0.998696 0.0203287 -7.07585 -0.0678057 0.023483 -0.997422 294.176
-0.996478 0.043126 0.0719122 143.423 0.0450571 0.99866 0.0254513 -7.0275 -0.0707182 0.0286018 -0.997086 282.635
-0.996962 0.0422917 0.0654126 144.253 0.0430507 0.99902 0.0102367 -6.9627 -0.0649156 0.0130217 -0.997806 271.294
-0.997536 0.0293132 0.063739 145.042 0.0306273 0.999336 0.0197383 -6.83453 -0.0631181 0.0216418 -0.997772 260.314
-0.997437 0.0224043 0.0679498 145.758 0.0237754 0.999528 0.0194368 -6.75125 -0.0674823 0.0210025 -0.997499 249.926
-0.996611 0.0130377 0.0812226 146.513 0.0154757 0.999446 0.0294603 -6.89059 -0.0807936 0.0306175 -0.996261 241.236
-0.995778 -0.0061163 0.0915954 147.162 -0.00215367 0.99906 0.0432988 -6.77564 -0.0917741 0.0429187 -0.994855 234.558
-0.991857 0.00150638 -0.127348 147.082 -0.00307393 0.999356 0.0357628 -6.70446 0.127319 0.035863 -0.991213 229.775
-0.824089 0.0462657 -0.564568 145.174 0.0231893 0.998579 0.0479835 -6.60661 0.565986 0.0264507 -0.823991 226.013
-0.411033 0.0332215 -0.911015 141.104 -0.004493 0.99925 0.0384663 -6.45125 0.91161 0.0199041 -0.410575 223.301
-0.109789 0.0266694 -0.993597 135.115 0.0069551 0.999636 0.026063 -6.32257 0.993931 -0.00404915 -0.109934 222.193
-0.0421455 0.015504 -0.998991 127.149 0.0294108 0.999466 0.0142706 -6.19624 0.998679 -0.0287797 -0.042579 221.789
-0.0459336 0.0321548 -0.998427 117.365 0.0309614 0.999048 0.0307504 -6.05621 0.998465 -0.0295002 -0.0468854 221.347
-0.0744265 0.0370099 -0.99654 107.454 0.0321053 0.998882 0.0346991 -5.8947 0.99671 -0.0294117 -0.0755315 220.682
-0.0641377 0.0318031 -0.997434 97.8135 0.0463947 0.998506 0.028854 -5.7941 0.996862 -0.0444251 -0.0655174 220.035
-0.0730366 0.045506 -0.996291 88.6647 0.0499421 0.997872 0.0419171 -5.62383 0.996078 -0.0466954 -0.0751538 219.395
-0.0559186 0.057803 -0.996761 81.3188 0.0472783 0.997356 0.0551852 -5.47836 0.997315 -0.0440393 -0.0585036 218.873
0.0798979 0.0478988 -0.995652 76.3944 0.0389608 0.997931 0.051135 -5.34472 0.996041 -0.0428769 0.0778664 218.931
0.474113 0.0314386 -0.879902 72.2321 -0.00283581 0.999412 0.0341806 -5.21368 0.880459 -0.0137102 0.473924 220.393
0.845803 0.0132692 -0.533331 68.9962 -0.00757861 0.999889 0.0128582 -5.12376 0.533442 -0.00683363 0.845809 224.005
0.983557 -0.00435627 -0.180547 67.5722 0.00431398 0.999991 -0.000626902 -5.1589 0.180548 -0.00016228 0.983566 228.855
0.997492 -0.0308549 -0.0637018 67.2238 0.0317355 0.999414 0.0128598 -5.22172 0.0632677 -0.0148492 0.997886 234.155
0.947346 -0.0234691 -0.31935 66.1796 0.0271745 0.999605 0.00715172 -5.27883 0.319056 -0.0154533 0.94761 239.317
0.604766 0.0687811 -0.793427 62.8906 -0.0451901 0.997622 0.0520376 -5.25711 0.79512 0.00438449 0.606436 242.893
0.0744919 0.0522704 -0.995851 58.1133 -0.0129146 0.998592 0.0514483 -5.05871 0.997138 0.00902855 0.0750621 244.002
-0.0524641 0.0392742 -0.99785 52.2069 -0.0254062 0.99885 0.0406494 -4.86363 0.9983 0.0274842 -0.051406 243.699
-0.047801 0.0353326 -0.998232 44.4267 -0.00907345 0.999318 0.0358055 -4.64068 0.998816 0.010769 -0.0474478 243.307
-0.0702462 0.0470143 -0.996421 34.8138 0.00461406 0.998893 0.0468057 -4.36026 0.997519 -0.00130963 -0.0703854 242.667
-0.066718 0.0408675 -0.996935 24.0887 -0.00613763 0.999125 0.041368 -4.0728 0.997753 0.00887881 -0.0664088 241.874
-0.0827395 0.0420031 -0.995686 13.4551 -0.00324142 0.999095 0.0424162 -3.80152 0.996566 0.00673694 -0.0825285 241.046
-0.0890537 0.045464 -0.994989 3.75778 -0.0394869 0.998011 0.0491362 -3.54565 0.995244 0.0436648 -0.0870814 240.098
-0.0819966 0.0493261 -0.995411 -3.67361 -0.0401518 0.9978 0.0527519 -3.36391 0.995824 0.044293 -0.0798357 239.406
-0.00474105 0.0426759 -0.999078 -8.11114 -0.034768 0.998478 0.0428152 -3.2575 0.999384 0.0349389 -0.00325008 239.229
0.136979 0.0220986 -0.990327 -10.4628 -0.0287846 0.999418 0.01832 -3.24375 0.990156 0.0259967 0.137536 239.492
0.441138 0.0301913 -0.896931 -12.9282 -0.018232 0.999529 0.0246777 -3.23878 0.897254 0.00546658 0.441481 240.548
0.868665 0.0225912 -0.494884 -15.6087 -0.0190015 0.999744 0.0122845 -3.19237 0.495035 -0.00126754 0.868872 243.807
0.9983 -0.00129439 -0.0582786 -16.6005 0.0015313 0.999991 0.00402078 -3.21375 0.0582728 -0.00410319 0.998292 249.845
0.999108 -0.0107808 -0.0408373 -16.9014 0.0109855 0.999928 0.00479017 -3.23739 0.0407827 -0.00523451 0.999154 258.204
0.998542 -0.0113314 -0.0527732 -17.4433 0.0110242 0.999921 -0.00610845 -3.2987 0.0528382 0.00551776 0.998588 268.674
0.99806 -0.01643 -0.0600547 -18.1546 0.0169777 0.999819 0.0086222 -3.35966 0.0599022 -0.00962507 0.998158 280.621
0.998282 -0.00898003 -0.0578948 -18.9692 0.00912899 0.999956 0.00230906 -3.48889 0.0578715 -0.00283362 0.99832 293.005
0.998547 0.0115045 -0.0526425 -19.7389 -0.0113262 0.999929 0.00368288 -3.58781 0.0526811 -0.00308129 0.998607 305.594
0.998159 0.0130115 -0.0592387 -20.5232 -0.0122695 0.999842 0.0128719 -3.67299 0.0593968 -0.0121214 0.998161 318.341
0.998288 0.00103507 -0.0584894 -21.2974 -0.000198758 0.999898 0.0143025 -3.7258 0.0584982 -0.0142664 0.998186 330.953
0.997536 -0.0245839 -0.0657089 -22.0367 0.0263135 0.999326 0.0255879 -3.76497 0.0650355 -0.0272539 0.997511 342.984
0.99834 -0.0212663 -0.0535253 -22.7393 0.0223214 0.999567 0.0191928 -3.79706 0.0530939 -0.0203557 0.998382 353.537
0.999184 -0.0228125 -0.0333364 -23.1101 0.0235219 0.999502 0.0210434 -3.82944 0.0328398 -0.0218103 0.999223 362.065
0.991151 -0.0106029 -0.132317 -23.5762 0.0129226 0.999777 0.0166851 -3.88721 0.13211 -0.0182473 0.991067 368.034
0.734284 0.0212521 -0.67851 -25.9717 0.0212943 0.998297 0.054313 -3.82839 0.678509 -0.0543296 0.732581 372.213
0.0462825 0.0211727 -0.998704 -30.7691 0.0524477 0.998345 0.0235956 -3.66872 0.997551 -0.0534718 0.0450954 373.628
-0.174517 0.0305984 -0.984179 -36.8315 0.0251964 0.999329 0.0266016 -3.54735 0.984332 -0.0201553 -0.175171 372.596
-0.119986 0.0308342 -0.992297 -44.5882 0.0025497 0.999524 0.0307505 -3.41588 0.992772 0.00115957 -0.120008 371.358
-0.0718209 0.0386203 -0.99667 -54.1437 -0.00422724 0.999229 0.0390241 -3.14742 0.997409 0.00701591 -0.0716022 370.566
-0.060615 0.0393455 -0.997386 -64.8354 -0.0116924 0.999126 0.0401247 -2.8827 0.998093 0.014094 -0.060102 369.819
-0.0696731 0.0414186 -0.99671 -75.6768 -0.011471 0.999038 0.0423172 -2.59339 0.997504 0.0143816 -0.069131 369.082
-0.0408613 0.0451163 -0.998146 -86.3286 -0.020383 0.998735 0.0459773 -2.31322 0.998957 0.0222239 -0.03989 368.399
-0.019298 0.0419804 -0.998932 -95.8484 -0.000806103 0.999117 0.0420037 -2.09149 0.999813 0.00161583 -0.0192471 368.153
-0.1117 0.0262622 -0.993395 -104.448 0.00335537 0.999655 0.0260505 -1.92098 0.993736 -0.000423366 -0.11175 367.56
-0.102152 0.0475765 -0.993631 -113.663 -0.0219871 0.998504 0.0500703 -1.7215 0.994526 0.0269619 -0.100953 366.407
-0.051643 0.0232028 -0.998396 -124.362 -0.039025 0.99892 0.0252336 -1.37095 0.997903 0.0402655 -0.0506817 365.553
-0.013614 0.0455915 -0.998867 -136.114 -0.0190796 0.998766 0.0458469 -1.12344 0.999725 0.0196822 -0.0127274 365.236
-0.056848 0.0349853 -0.99777 -147.77 -0.01039 0.999311 0.0356313 -0.901148 0.998329 0.0123924 -0.0564454 364.794
-0.0743206 0.0545567 -0.995741 -159.15 0.00496051 0.99851 0.0543382 -0.599305 0.997222 -0.000900939 -0.0744805 363.988
-0.0909779 0.0514888 -0.994521 -170.181 -0.00597375 0.998616 0.0522473 -0.257546 0.995835 0.0106944 -0.0905445 362.966
-0.0880839 0.0362055 -0.995455 -180.809 -0.0165572 0.999148 0.0378049 0.0567457 0.995976 0.019812 -0.0874094 361.917
-0.0508523 0.0497941 -0.997464 -191.581 0.0128184 0.998707 0.0492027 0.327305 0.998624 -0.0102839 -0.0514248 361.18
-0.0178724 0.052531 -0.99846 -202.679 -0.014563 0.998499 0.0527938 0.675238 0.999734 0.0154841 -0.0170806 360.695
-0.00254125 0.0538329 -0.998547 -214.016 -0.0099198 0.9985 0.0538556 1.08324 0.999948 0.0100422 -0.00200343 360.546
0.0478744 0.0579094 -0.997173 -224.872 -0.0155437 0.99824 0.0572251 1.44923 0.998732 0.0127602 0.0486903 360.746
0.0799205 0.0680049 -0.994479 -234.25 -0.0105957 0.997672 0.0673717 1.7635 0.996745 0.00515277 0.080455 361.325
0.212226 0.0529875 -0.975783 -241.378 0.00873717 0.998386 0.0561152 1.96335 0.977182 -0.0204347 0.211421 362.429
0.200604 0.049495 -0.978421 -246.499 0.0307899 0.997911 0.0567937 2.11731 0.979189 -0.0415186 0.198661 363.626
0.012995 0.0521932 -0.998553 -250.56 0.0255626 0.998293 0.0525123 2.23319 0.999589 -0.026208 0.0116386 363.875
-0.00948908 0.0512 -0.998643 -254.771 -0.00987563 0.998635 0.0512934 2.36947 0.999906 0.010349 -0.00897049 363.699
0.0979752 0.0574619 -0.993529 -258.932 -0.0222644 0.998208 0.055537 2.49445 0.99494 0.0166791 0.099079 363.944
0.0825731 0.0463284 -0.995508 -262.206 -0.0130823 0.998883 0.0454004 2.5815 0.996499 0.00927469 0.0830869 364.323
-0.28033 0.0453069 -0.958834 -265.634 -0.0035581 0.99883 0.048237 2.68536 0.959897 0.0169339 -0.27984 363.667
-0.762764 0.0537985 -0.644435 -269.409 0.0349514 0.998507 0.0419879 2.85299 0.645731 0.00950296 -0.763506 360.602
-0.968714 0.0676514 -0.238782 -271.876 0.0610703 0.997525 0.0348613 3.05534 0.24055 0.0191881 -0.970447 354.312
-0.995303 0.0666429 -0.0702186 -272.867 0.065231 0.997623 0.0222143 3.21412 0.0715321 0.0175296 -0.997284 345.565
-0.996367 0.06521 -0.0547832 -273.505 0.0637252 0.997563 0.0284291 3.37769 0.0565036 0.0248347 -0.998094 334.834
-0.997643 0.0634078 -0.0262222 -273.975 0.0630452 0.997906 0.0144332 3.56448 0.0270825 0.012746 -0.999552 323.099
-0.997329 0.0680293 0.0265932 -273.93 0.069057 0.996816 0.0398519 3.73031 -0.0237975 0.0415819 -0.998852 311.313
-0.993228 0.0860777 0.0780278 -273.341 0.0888236 0.99552 0.0324252 3.90966 -0.0748871 0.0391363 -0.996424 299.76
-0.98925 0.091738 0.113878 -272.251 0.0953629 0.995082 0.0267906 4.05124 -0.11086 0.0373624 -0.993134 288.433
-0.985278 0.084589 0.148564 -270.709 0.0898573 0.995529 0.0291027 4.15525 -0.145438 0.0420238 -0.988475 276.884
-0.979438 0.0702746 0.189111 -268.641 0.0764696 0.996742 0.0256551 4.2552 -0.186692 0.0395888 -0.981621 265.026
-0.968331 0.062836 0.241634 -265.979 0.0720842 0.996959 0.029617 4.37286 -0.239038 0.046097 -0.969916 253.137
-0.953234 0.0779578 0.292005 -262.645 0.0904157 0.99547 0.0293922 4.4948 -0.288391 0.0544195 -0.955965 241.126
-0.940711 0.0837565 0.328706 -258.802 0.0959043 0.995171 0.0208887 4.55611 -0.32537 0.0511746 -0.944201 229.276
-0.924424 0.091173 0.370307 -254.449 0.104807 0.99435 0.0168192 4.58057 -0.366682 0.0543589 -0.928757 217.648
-0.915368 0.0837452 0.393813 -249.768 0.0996864 0.994815 0.0201587 4.58126 -0.390083 0.0577104 -0.91897 206.266
-0.901 0.065108 0.428906 -244.722 0.079607 0.996699 0.0159308 4.57282 -0.426453 0.0484976 -0.903209 195.146
-0.878509 0.0582389 0.474164 -239.238 0.0764609 0.996887 0.0192212 4.58137 -0.471568 0.053141 -0.880227 184.399
-0.858308 0.0680571 0.508602 -233.37 0.0899679 0.995771 0.0185821 4.61758 -0.505186 0.061707 -0.860802 173.985
-0.834815 0.0774312 0.545058 -227.009 0.0995347 0.994972 0.011102 4.59657 -0.541458 0.0635202 -0.838325 163.734
-0.811218 0.0610046 0.581554 -220.05 0.0841228 0.996373 0.0128254 4.49287 -0.578662 0.0593261 -0.813407 153.566
-0.789292 0.0529729 0.611729 -212.692 0.0736528 0.997246 0.00867477 4.3953 -0.609585 0.0519025 -0.79102 143.745
-0.758541 0.0540373 0.649381 -205.133 0.0843013 0.996319 0.0155649 4.30762 -0.64615 0.0665503 -0.760304 134.415
-0.729076 0.0580174 0.68197 -197.045 0.0907945 0.995793 0.0123507 4.24367 -0.678384 0.0709237 -0.731276 125.341
-0.6991 0.0560983 0.71282 -188.261 0.0846019 0.996404 0.00455743 4.08171 -0.710001 0.063492 -0.701333 116.376
-0.666535 0.0486699 0.743883 -178.923 0.0779725 0.996945 0.00463817 3.89459 -0.741385 0.0610939 -0.668294 107.616
-0.651974 0.0392274 0.757226 -168.999 0.0619522 0.998078 0.00163645 3.68551 -0.755706 0.0479787 -0.653151 98.9923
-0.655285 0.0499538 0.753728 -159.025 0.0872517 0.996138 0.00983625 3.54765 -0.750325 0.0722096 -0.657113 90.3274
-0.661979 0.0560058 0.747427 -149.276 0.0840304 0.996463 -0.000242596 3.37417 -0.744797 0.062646 -0.664344 81.6957
-0.655564 0.0530498 0.753274 -139.47 0.0872984 0.996165 0.00581901 3.18653 -0.750076 0.0695743 -0.657681 73.0386
-0.65622 0.0537342 0.752654 -129.614 0.083621 0.996496 0.00176418 2.97496 -0.749922 0.0640953 -0.658414 64.4157
-0.657393 0.0359241 0.752691 -119.791 0.0610561 0.998118 0.00568807 2.80058 -0.75107 0.0496957 -0.65835 55.8684
-0.655098 0.0367954 0.754647 -109.956 0.0715634 0.997345 0.0134942 2.6382 -0.752147 0.0628451 -0.655992 47.2739
-0.651534 0.0533592 0.756741 -100.125 0.0829594 0.996552 0.00115706 2.52042 -0.75407 0.0635327 -0.653714 38.693
-0.653481 0.0470151 0.755482 -90.1161 0.0846379 0.996349 0.0112059 2.34482 -0.752197 0.0712652 -0.655074 30.0253
-0.651422 0.0423919 0.757531 -80.1021 0.07491 0.997153 0.0086159 2.18506 -0.755009 0.0623592 -0.652743 21.3175
-0.655365 0.0377367 0.754369 -70.2704 0.0739512 0.997158 0.0143637 2.09155 -0.751684 0.0652 -0.656293 12.8186
-0.66289 0.0550592 0.746689 -60.8177 0.0942659 0.995494 0.0102812 2.00054 -0.742759 0.0772026 -0.665094 4.36487
-0.661358 0.03788 0.749113 -51.7761 0.0807904 0.996511 0.0209362 1.89399 -0.745707 0.0743675 -0.662111 -3.66556
-0.646926 0.0487599 0.760992 -43.7013 0.0882598 0.996034 0.0112105 1.77481 -0.757428 0.0744174 -0.648664 -10.6775
-0.573667 0.0359984 0.818297 -36.835 0.0742934 0.997203 0.00821459 1.64659 -0.815712 0.0655065 -0.574737 -16.0535
-0.261408 0.0147452 0.965116 -30.0714 0.037933 0.999268 -0.00499256 1.46578 -0.964483 0.0353046 -0.261776 -19.0753
0.253203 0.0136003 0.967318 -23.2907 0.0160487 0.999705 -0.0182565 1.2497 -0.96728 0.0201468 0.25291 -18.7119
0.558129 0.037953 0.828886 -17.6987 -0.0286849 0.999239 -0.0264382 0.999303 -0.829258 -0.00902057 0.558793 -15.4684
0.536111 0.021224 0.843881 -12.6475 -0.00547217 0.99975 -0.0216678 0.719083 -0.844129 0.00699847 0.536094 -12.1104
0.484779 0.0113919 0.874562 -8.44241 0.0075277 0.999824 -0.0171962 0.498734 -0.874604 0.0149198 0.484608 -9.67548
0.473781 0.0184315 0.88045 -5.7826 0.0176197 0.999382 -0.0304026 0.35647 -0.880466 0.0299175 0.473164 -8.28293
0.621055 0.0347856 0.782995 -3.84722 0.00795907 0.998683 -0.0506808 0.225902 -0.783726 0.0377075 0.619961 -6.84096
0.830747 0.0180711 0.556357 -1.77172 -0.00611099 0.999709 -0.0233468 0.0601432 -0.556617 0.0159954 0.830615 -4.11151
0.978794 -0.0183031 0.204026 -0.142495 0.0198882 0.999786 -0.00572105 -0.0467051 -0.203878 0.00965743 0.978949 0.695132
0.999278 -0.0102064 -0.0366106 0.0277605 0.0100455 0.999939 -0.00457567 -0.165289 0.0366551 0.00420459 0.999319 7.77957
0.998647 0.000649065 -0.0519915 -0.436855 -0.0010785 0.999966 -0.00823202 -0.331993 0.0519844 0.00827696 0.998614 16.6104
0.996532 -0.00183265 -0.0831944 -1.17654 0.00140196 0.999985 -0.00523501 -0.495858 0.0832028 0.00510022 0.99652 26.7509
0.996265 -0.00424389 -0.0862515 -2.1679 0.00426457 0.999991 5.55348e-05 -0.678913 0.0862505 -0.000423154 0.996274 37.6064
0.997578 0.00844493 -0.0690377 -3.09615 -0.00885976 0.999945 -0.0057049 -0.832758 0.0689857 0.00630274 0.997598 48.815
0.997761 -0.0078412 -0.0664223 -3.87454 0.00753894 0.99996 -0.00480003 -1.01527 0.0664573 0.00428853 0.99778 60.4225
0.997737 0.00294014 -0.0671789 -4.73083 -0.00345761 0.999965 -0.00758789 -1.24315 0.0671543 0.00780299 0.997712 72.2481
0.998131 -0.00174654 -0.061094 -5.51549 0.00204966 0.999986 0.00489923 -1.5317 0.0610846 -0.00501529 0.99812 83.8534
0.998291 -0.0202432 -0.0548201 -6.18189 0.0201647 0.999795 -0.00198573 -1.72823 0.0548491 0.000876907 0.998494 95.222
