0.000000e+00
1.036910e+00
2.073666e+00
3.110441e+00
4.146888e+00
5.183503e+00
6.220278e+00
7.256934e+00
8.293470e+00
9.330247e+00
1.036867e+01
1.140818e+01
1.244411e+01
1.347950e+01
1.451589e+01
1.555255e+01
1.658933e+01
1.762648e+01
1.866326e+01
1.969941e+01
2.073444e+01
2.177010e+01
2.280964e+01
2.384899e+01
2.488547e+01
2.592198e+01
2.695850e+01
2.799510e+01
2.903156e+01
3.006821e+01
3.110501e+01
3.214165e+01
3.317856e+01
3.421584e+01
3.525251e+01
3.628950e+01
3.732643e+01
3.836294e+01
3.939932e+01
4.043627e+01
4.147327e+01
4.250885e+01
4.354350e+01
4.458003e+01
4.561856e+01
4.665781e+01
4.769509e+01
4.873140e+01
4.976834e+01
5.080505e+01
5.184186e+01
5.287863e+01
5.391514e+01
5.495170e+01
5.598835e+01
5.702463e+01
5.806127e+01
5.909808e+01
6.013578e+01
6.117327e+01
6.220813e+01
6.324292e+01
6.427962e+01
6.531622e+01
6.635263e+01
6.738928e+01
6.842594e+01
6.946264e+01
7.049937e+01
7.153585e+01
7.257206e+01
7.360890e+01
7.464526e+01
7.568041e+01
7.671482e+01
7.775084e+01
7.879149e+01
7.983015e+01
8.086680e+01
8.190308e+01
8.293973e+01
8.397671e+01
8.501296e+01
8.604958e+01
8.708625e+01
8.812303e+01
8.915979e+01
9.019671e+01
9.123322e+01
9.226950e+01
9.330578e+01
9.434255e+01
9.537921e+01
9.641565e+01
9.745171e+01
9.848569e+01
9.952171e+01
1.005618e+02
1.015995e+02
1.026367e+02
1.036733e+02
1.047096e+02
1.057461e+02
1.067829e+02
1.078196e+02
1.088571e+02
1.098930e+02
1.109304e+02
1.119673e+02
1.130036e+02
1.140400e+02
1.150760e+02
1.161112e+02
1.171458e+02
1.181821e+02
1.192213e+02
1.202588e+02
1.212953e+02
1.223320e+02
1.233688e+02
1.244056e+02
1.254421e+02
1.264780e+02
1.275131e+02
1.285496e+02
1.295880e+02
1.306284e+02
1.316684e+02
1.327042e+02
1.337389e+02
1.347754e+02
1.358118e+02
1.368484e+02
1.378853e+02
1.389216e+02
1.399584e+02
1.409947e+02
1.420311e+02
1.430680e+02
1.441045e+02
1.451415e+02
1.461796e+02
1.472160e+02
1.482502e+02
1.492856e+02
1.503220e+02
1.513583e+02
1.523947e+02
1.534313e+02
1.544674e+02
1.555033e+02
1.565396e+02
1.575760e+02
1.586127e+02
1.596490e+02
1.606836e+02
1.617198e+02
1.627565e+02
1.637957e+02
1.648326e+02
1.658691e+02
1.669061e+02
1.679423e+02
1.689790e+02
1.700160e+02
1.710515e+02
1.720881e+02
1.731238e+02
1.741607e+02
1.751969e+02
1.762331e+02
1.772697e+02
1.783059e+02
1.793426e+02
1.803792e+02
1.814151e+02
1.824518e+02
1.834884e+02
1.845252e+02
1.855596e+02
1.865959e+02
1.876346e+02
1.886714e+02
1.897080e+02
1.907451e+02
1.917816e+02
1.928180e+02
1.938547e+02
1.948913e+02
1.959285e+02
1.969658e+02
1.980022e+02
1.990386e+02
2.000745e+02
2.011098e+02
2.021455e+02
2.031806e+02
2.042187e+02
2.052565e+02
2.062935e+02
2.073299e+02
2.083663e+02
2.094028e+02
2.104389e+02
2.114754e+02
2.125121e+02
2.135487e+02
2.145851e+02
2.156219e+02
2.166587e+02
2.176950e+02
2.187301e+02
2.197634e+02
2.207994e+02
2.218395e+02
2.228771e+02
2.239138e+02
2.249504e+02
2.259861e+02
2.270229e+02
2.280597e+02
2.290962e+02
2.301328e+02
2.311696e+02
2.322065e+02
2.332432e+02
2.342796e+02
2.353152e+02
2.363520e+02
2.373889e+02
2.384254e+02
2.394620e+02
2.404985e+02
2.415338e+02
2.425708e+02
2.436086e+02
2.446455e+02
2.456819e+02
2.467186e+02
2.477551e+02
2.487916e+02
2.498282e+02
2.508654e+02
2.519036e+02
2.529406e+02
2.539762e+02
2.550101e+02
2.560461e+02
2.570826e+02
2.581188e+02
2.591552e+02
2.601916e+02
2.612281e+02
2.622645e+02
2.633012e+02
2.643378e+02
2.653741e+02
2.664109e+02
2.674476e+02
2.684838e+02
2.695201e+02
2.705570e+02
2.715942e+02
2.726301e+02
2.736667e+02
2.747034e+02
2.757400e+02
2.767765e+02
2.778128e+02
2.788530e+02
2.798923e+02
2.809279e+02
2.819611e+02
2.829971e+02
2.840338e+02
2.850704e+02
2.861070e+02
2.871435e+02
2.881801e+02
2.892164e+02
2.902532e+02
2.912899e+02
2.923265e+02
2.933628e+02
2.943994e+02
2.954370e+02
2.964745e+02
2.975118e+02
2.985486e+02
2.995821e+02
3.006171e+02
3.016532e+02
3.026897e+02
3.037262e+02
3.047628e+02
3.057993e+02
3.068357e+02
3.078722e+02
3.089109e+02
3.099505e+02
3.109858e+02
3.120216e+02
3.130575e+02
3.140930e+02
3.151293e+02
3.161659e+02
3.172022e+02
3.182385e+02
3.192750e+02
3.203112e+02
3.213453e+02
3.223794e+02
3.234180e+02
3.244564e+02
3.254930e+02
3.265297e+02
3.275660e+02
3.286025e+02
3.296391e+02
3.306752e+02
3.317112e+02
3.327472e+02
3.337834e+02
3.348198e+02
3.358564e+02
3.368931e+02
3.379297e+02
3.389678e+02
3.400060e+02
3.410422e+02
3.420769e+02
3.431120e+02
3.441479e+02
3.451840e+02
3.462206e+02
3.472570e+02
3.482956e+02
3.493308e+02
3.503681e+02
3.514047e+02
3.524399e+02
3.534740e+02
3.545072e+02
3.555411e+02
3.565778e+02
3.576175e+02
3.586550e+02
3.596916e+02
3.607282e+02
3.617645e+02
3.628008e+02
3.638374e+02
3.648742e+02
3.659110e+02
3.669480e+02
3.679853e+02
3.690200e+02
3.700531e+02
3.710893e+02
3.721265e+02
3.731625e+02
3.741991e+02
3.752356e+02
3.762722e+02
3.773086e+02
3.783453e+02
3.793820e+02
3.804173e+02
3.814497e+02
3.824851e+02
3.835267e+02
3.845657e+02
3.856024e+02
3.866387e+02
3.876751e+02
3.887118e+02
3.897484e+02
3.907842e+02
3.918214e+02
3.928581e+02
3.938944e+02
3.949302e+02
3.959668e+02
3.970033e+02
3.980398e+02
3.990761e+02
4.001126e+02
4.011490e+02
4.021858e+02
4.032222e+02
4.042594e+02
4.052951e+02
4.063310e+02
4.073685e+02
4.084052e+02
4.094404e+02
4.104743e+02
4.115091e+02
4.125467e+02
4.135847e+02
4.146214e+02
4.156574e+02
4.166936e+02
4.177298e+02
4.187660e+02
4.198020e+02
4.208381e+02
4.218741e+02
4.229103e+02
4.239465e+02
4.249828e+02
4.260190e+02
4.270550e+02
4.280914e+02
4.291274e+02
4.301635e+02
4.312000e+02
4.322363e+02
4.332722e+02
4.343086e+02
4.353451e+02
4.363814e+02
4.374179e+02
4.384543e+02
4.394907e+02
4.405270e+02
4.415630e+02
4.425992e+02
4.436353e+02
4.446716e+02
4.457080e+02
4.467443e+02
4.477807e+02
4.488170e+02
4.498534e+02
4.508899e+02
4.519260e+02
4.529613e+02
4.539978e+02
4.550362e+02
4.560738e+02
4.571100e+02
4.581461e+02
4.591813e+02
4.602165e+02
4.612525e+02
4.622899e+02
4.633270e+02
4.643633e+02
4.653999e+02
4.664361e+02
4.674723e+02
4.685088e+02
4.695451e+02
4.705816e+02
